grad =

  8.4746e-003
  1.8788e-002
  7.7771e-005
  5.0345e-002
  1.1501e-002
  3.7665e-002
  1.8356e-002
  7.3239e-003
  8.1924e-003
  2.3476e-002
  3.9349e-002
  2.2392e-003
  1.2860e-002
  3.0959e-003
  3.9303e-002
  1.9971e-002
  4.3298e-003
  3.3864e-003
  5.8382e-003
  4.4763e-003
  3.1008e-002
  3.1031e-002
  1.0974e-003
  6.3157e-003
  4.0850e-004
  7.2650e-003
  1.3765e-003
  3.8794e-002

grad =

  8.4746e-003
  1.8788e-002
  7.7771e-005
  5.0345e-002
  1.1501e-002
  3.7665e-002
  1.8356e-002
  7.3239e-003
  8.1924e-003
  2.3476e-002
  3.9349e-002
  2.2392e-003
  1.2860e-002
  3.0959e-003
  3.9303e-002
  1.9971e-002
  4.3298e-003
  3.3864e-003
  5.8382e-003
  4.4763e-003
  3.1008e-002
  3.1031e-002
  1.0974e-003
  6.3157e-003
  4.0850e-004
  7.2650e-003
  1.3765e-003
  3.8794e-002

grad =

  -5.3604e-003
  1.4928e-002
  -5.6676e-003
  4.5369e-002
  1.1256e-002
  3.1041e-002
  1.5552e-002
  6.3638e-003
  7.5063e-003
  1.8626e-002
  3.6157e-002
  2.0395e-003
  1.1690e-002
  3.0247e-003
  3.4185e-002
  1.7670e-002
  3.9244e-003
  3.0110e-003
  5.2429e-003
  4.2383e-003
  2.6534e-002
  2.8569e-002
  9.3064e-004
  5.8378e-003
  3.4276e-004
  6.6261e-003
  1.3522e-003
  3.4169e-002

grad =

  -5.3604e-003
  1.4928e-002
  -5.6676e-003
  4.5369e-002
  1.1256e-002
  3.1041e-002
  1.5552e-002
  6.3638e-003
  7.5063e-003
  1.8626e-002
  3.6157e-002
  2.0395e-003
  1.1690e-002
  3.0247e-003
  3.4185e-002
  1.7670e-002
  3.9244e-003
  3.0110e-003
  5.2429e-003
  4.2383e-003
  2.6534e-002
  2.8569e-002
  9.3064e-004
  5.8378e-003
  3.4276e-004
  6.6261e-003
  1.3522e-003
  3.4169e-002

grad =

  -1.9518e-002
  9.8058e-003
  -1.1961e-002
  3.9536e-002
  1.0812e-002
  2.3672e-002
  1.1914e-002
  5.2784e-003
  6.5974e-003
  1.3068e-002
  3.2217e-002
  1.7567e-003
  1.0329e-002
  2.8788e-003
  2.8251e-002
  1.4686e-002
  3.4490e-003
  2.5277e-003
  4.5528e-003
  3.9088e-003
  2.1271e-002
  2.5452e-002
  7.0836e-004
  5.2637e-003
  2.5024e-004
  5.8721e-003
  1.2875e-003
  2.8690e-002

grad =

  -1.9518e-002
  9.8058e-003
  -1.1961e-002
  3.9536e-002
  1.0812e-002
  2.3672e-002
  1.1914e-002
  5.2784e-003
  6.5974e-003
  1.3068e-002
  3.2217e-002
  1.7567e-003
  1.0329e-002
  2.8788e-003
  2.8251e-002
  1.4686e-002
  3.4490e-003
  2.5277e-003
  4.5528e-003
  3.9088e-003
  2.1271e-002
  2.5452e-002
  7.0836e-004
  5.2637e-003
  2.5024e-004
  5.8721e-003
  1.2875e-003
  2.8690e-002

grad =

  -2.8324e-002
  3.6682e-003
  -1.6935e-002
  3.3965e-002
  1.0053e-002
  1.7519e-002
  7.7083e-003
  4.3338e-003
  5.5082e-003
  8.0549e-003
  2.8020e-002
  1.3862e-003
  9.0427e-003
  2.6105e-003
  2.2715e-002
  1.1235e-002
  2.9967e-003
  1.9734e-003
  3.9084e-003
  3.4889e-003
  1.6201e-002
  2.1978e-002
  4.4233e-004
  4.6813e-003
  1.3066e-004
  5.1361e-003
  1.1536e-003
  2.3314e-002

grad =

  -2.8324e-002
  3.6682e-003
  -1.6935e-002
  3.3965e-002
  1.0053e-002
  1.7519e-002
  7.7083e-003
  4.3338e-003
  5.5082e-003
  8.0549e-003
  2.8020e-002
  1.3862e-003
  9.0427e-003
  2.6105e-003
  2.2715e-002
  1.1235e-002
  2.9967e-003
  1.9734e-003
  3.9084e-003
  3.4889e-003
  1.6201e-002
  2.1978e-002
  4.4233e-004
  4.6813e-003
  1.3066e-004
  5.1361e-003
  1.1536e-003
  2.3314e-002

grad =

  -2.5347e-002
  -2.5744e-003
  -1.8294e-002
  3.0067e-002
  8.9328e-003
  1.4869e-002
  3.5901e-003
  3.8529e-003
  4.3841e-003
  5.0993e-003
  2.4282e-002
  9.6469e-004
  8.1548e-003
  2.2089e-003
  1.9015e-002
  7.8130e-003
  2.6855e-003
  1.4321e-003
  3.4774e-003
  3.0182e-003
  1.2506e-002
  1.8646e-002
  1.7209e-004
  4.2029e-003
  -1.0263e-006
  4.5787e-003
  9.4323e-004
  1.9181e-002

grad =

  -2.5347e-002
  -2.5744e-003
  -1.8294e-002
  3.0067e-002
  8.9328e-003
  1.4869e-002
  3.5901e-003
  3.8529e-003
  4.3841e-003
  5.0993e-003
  2.4282e-002
  9.6469e-004
  8.1548e-003
  2.2089e-003
  1.9015e-002
  7.8130e-003
  2.6855e-003
  1.4321e-003
  3.4774e-003
  3.0182e-003
  1.2506e-002
  1.8646e-002
  1.7209e-004
  4.2029e-003
  -1.0263e-006
  4.5787e-003
  9.4323e-004
  1.9181e-002

grad =

  -1.5209e-002
  -7.8820e-003
  -1.6905e-002
  2.6572e-002
  7.7412e-003
  1.3997e-002
  -8.2586e-005
  3.6249e-003
  3.3605e-003
  3.3217e-003
  2.0444e-002
  6.0092e-004
  7.3438e-003
  1.8398e-003
  1.6014e-002
  4.5698e-003
  2.4353e-003
  9.3349e-004
  3.1169e-003
  2.5729e-003
  9.3732e-003
  1.5178e-002
  -4.9017e-005
  3.7087e-003
  -1.0050e-004
  4.0363e-003
  7.6846e-004
  1.5375e-002

grad =

  -1.5209e-002
  -7.8820e-003
  -1.6905e-002
  2.6572e-002
  7.7412e-003
  1.3997e-002
  -8.2586e-005
  3.6249e-003
  3.3605e-003
  3.3217e-003
  2.0444e-002
  6.0092e-004
  7.3438e-003
  1.8398e-003
  1.6014e-002
  4.5698e-003
  2.4353e-003
  9.3349e-004
  3.1169e-003
  2.5729e-003
  9.3732e-003
  1.5178e-002
  -4.9017e-005
  3.7087e-003
  -1.0050e-004
  4.0363e-003
  7.6846e-004
  1.5375e-002

grad =

  -1.0605e-002
  -1.0411e-002
  -1.5273e-002
  2.0279e-002
  7.0675e-003
  1.0655e-002
  -2.7624e-003
  3.0925e-003
  2.6438e-003
  6.9692e-004
  1.5112e-002
  4.9942e-004
  5.8452e-003
  1.8314e-003
  1.1229e-002
  1.6798e-003
  2.0324e-003
  5.1209e-004
  2.4962e-003
  2.2787e-003
  5.1699e-003
  1.0859e-002
  -1.2760e-004
  2.9186e-003
  -8.5204e-005
  3.1460e-003
  8.4901e-004
  1.0100e-002

grad =

  -1.0605e-002
  -1.0411e-002
  -1.5273e-002
  2.0279e-002
  7.0675e-003
  1.0655e-002
  -2.7624e-003
  3.0925e-003
  2.6438e-003
  6.9692e-004
  1.5112e-002
  4.9942e-004
  5.8452e-003
  1.8314e-003
  1.1229e-002
  1.6798e-003
  2.0324e-003
  5.1209e-004
  2.4962e-003
  2.2787e-003
  5.1699e-003
  1.0859e-002
  -1.2760e-004
  2.9186e-003
  -8.5204e-005
  3.1460e-003
  8.4901e-004
  1.0100e-002

grad =

  8.6267e-003
  -6.6134e-003
  -6.0428e-003
  1.5864e-002
  6.3034e-003
  1.2387e-002
  -2.1044e-003
  3.1798e-003
  2.6106e-003
  2.3157e-003
  1.0623e-002
  6.1613e-004
  4.7880e-003
  1.8860e-003
  9.5394e-003
  7.7473e-004
  1.7655e-003
  4.5835e-004
  2.1582e-003
  2.0935e-003
  3.9359e-003
  7.2189e-003
  -2.7771e-005
  2.2347e-003
  3.2721e-005
  2.4775e-003
  9.4977e-004
  7.2422e-003

grad =

  8.6267e-003
  -6.6134e-003
  -6.0428e-003
  1.5864e-002
  6.3034e-003
  1.2387e-002
  -2.1044e-003
  3.1798e-003
  2.6106e-003
  2.3157e-003
  1.0623e-002
  6.1613e-004
  4.7880e-003
  1.8860e-003
  9.5394e-003
  7.7473e-004
  1.7655e-003
  4.5835e-004
  2.1582e-003
  2.0935e-003
  3.9359e-003
  7.2189e-003
  -2.7771e-005
  2.2347e-003
  3.2721e-005
  2.4775e-003
  9.4977e-004
  7.2422e-003

grad =

  2.1238e-002
  -1.3991e-003
  2.8873e-003
  7.0176e-003
  5.5142e-003
  1.0293e-002
  -1.2893e-003
  2.6769e-003
  2.4284e-003
  2.4189e-003
  3.4669e-003
  8.6072e-004
  2.6018e-003
  2.1115e-003
  5.0431e-003
  -4.5860e-004
  1.1969e-003
  2.9907e-004
  1.3773e-003
  1.8399e-003
  1.0032e-003
  1.8688e-003
  1.5949e-004
  1.0373e-003
  2.1779e-004
  1.2432e-003
  1.2174e-003
  2.1322e-003

grad =

  2.1238e-002
  -1.3991e-003
  2.8873e-003
  7.0176e-003
  5.5142e-003
  1.0293e-002
  -1.2893e-003
  2.6769e-003
  2.4284e-003
  2.4189e-003
  3.4669e-003
  8.6072e-004
  2.6018e-003
  2.1115e-003
  5.0431e-003
  -4.5860e-004
  1.1969e-003
  2.9907e-004
  1.3773e-003
  1.8399e-003
  1.0032e-003
  1.8688e-003
  1.5949e-004
  1.0373e-003
  2.1779e-004
  1.2432e-003
  1.2174e-003
  2.1322e-003

grad =

  2.0472e-002
  5.7058e-004
  4.8359e-003
  2.3037e-003
  5.2265e-003
  7.5248e-003
  -1.0516e-003
  2.1822e-003
  2.2542e-003
  1.5374e-003
  1.8214e-004
  9.6811e-004
  1.4156e-003
  2.2224e-003
  2.2999e-003
  -9.8898e-004
  8.6864e-004
  1.9355e-004
  9.2465e-004
  1.7064e-003
  -7.1150e-004
  -4.3676e-004
  2.4160e-004
  4.5203e-004
  2.9315e-004
  6.1689e-004
  1.3475e-003
  -4.3123e-004

